3 0.21657754010695188 0.7357142857142858 0.18449197860962566 0.21428571428571427
3 0.39438502673796794 0.6071428571428571 0.21390374331550802 0.21904761904761905
3 0.5909090909090909 0.48095238095238096 0.08288770053475936 0.1380952380952381
3 0.643048128342246 0.44761904761904764 0.06951871657754011 0.11904761904761904
3 0.6898395721925134 0.4166666666666667 0.06149732620320856 0.10952380952380952
3 0.7352941176470589 0.38571428571428573 0.053475935828877004 0.10476190476190476
3 0.7727272727272727 0.3619047619047619 0.0481283422459893 0.1
3 0.8061497326203209 0.3380952380952381 0.045454545454545456 0.09047619047619047
3 0.8302139037433155 0.32142857142857145 0.034759358288770054 0.0761904761904762
3 0.8676470588235294 0.2976190476190476 0.07219251336898395 0.10476190476190476
3 0.9090909090909091 0.2714285714285714 0.0427807486631016 0.08095238095238096