2 0.176602086438152 0.34095427435387676 0.11326378539493294 0.12524850894632206
2 0.2321162444113264 0.37624254473161034 0.030551415797317436 0.0437375745526839
2 0.2567064083457526 0.37922465208747513 0.03204172876304024 0.0437375745526839
2 0.27347242921013415 0.3772365805168986 0.029061102831594635 0.040755467196819085
2 0.29284649776453053 0.3797216699801193 0.026825633383010434 0.03777335984095427
2 0.3096125186289121 0.3827037773359841 0.02533532041728763 0.03479125248508946
2 0.3237704918032787 0.3832007952286282 0.02384500745156483 0.032803180914512925
2 0.3375558867362146 0.3841948310139165 0.02459016393442623 0.033797216699801194
2 0.3025335320417288 0.4135188866799205 0.06780923994038748 0.0874751491053678
3 0.6676602086438153 0.8354870775347912 0.046199701937406856 0.05666003976143141
3 0.6300298062593145 0.8011928429423459 0.042473919523099854 0.05268389662027833
3 0.5961251862891207 0.7668986083499006 0.04843517138599106 0.061630218687872766
3 0.5640834575260805 0.7395626242544732 0.039493293591654245 0.05168986083499006
3 0.5380029806259314 0.9488071570576541 0.06631892697466468 0.09244532803180915