0 0.014256619144602852 0.6875 0.028513238289205704 0.08152173913043478
0 0.01883910386965377 0.759963768115942 0.03767820773930754 0.07065217391304347
0 0.07331975560081466 0.6168478260869565 0.09877800407331976 0.13768115942028986
0 0.16853360488798372 0.5163043478260869 0.09368635437881874 0.13043478260869565
0 0.219959266802444 0.4447463768115942 0.04480651731160896 0.07608695652173914
0 0.27036659877800406 0.411231884057971 0.06008146639511202 0.09782608695652174
0 0.36608961303462323 0.37771739130434784 0.07942973523421588 0.13043478260869565
0 0.3879837067209776 0.9764492753623188 0.10386965376782077 0.04710144927536232
0 0.3920570264765784 0.9112318840579711 0.06415478615071284 0.1322463768115942
0 0.3986761710794297 0.7998188405797102 0.10081466395112017 0.17753623188405798
0 0.45366598778004075 0.26268115942028986 0.031568228105906315 0.06884057971014493
0 0.45672097759674135 0.365036231884058 0.04276985743380855 0.09057971014492754
0 0.5427698574338086 0.5615942028985508 0.07535641547861507 0.14855072463768115
0 0.7143584521384929 0.7092391304347826 0.17820773930753564 0.3061594202898551
0 0.7540733197556008 0.09873188405797101 0.048879837067209775 0.09420289855072464
0 0.5733197556008147 0.058876811594202896 0.03767820773930754 0.06884057971014493