3 0.1257455268389662 0.34294871794871795 0.08846918489065607 0.1346153846153846
3 0.18737574552683897 0.3733974358974359 0.07554671968190854 0.125
3 0.24204771371769385 0.40865384615384615 0.07952286282306163 0.13141025641025642
3 0.2912524850894632 0.46314102564102566 0.06262425447316103 0.08814102564102565
3 0.3414512922465209 0.49759615384615385 0.0636182902584493 0.09294871794871795
3 0.3981113320079523 0.5104166666666666 0.07554671968190854 0.1266025641025641
3 0.44681908548707755 0.5472756410256411 0.06958250497017893 0.125
3 0.4915506958250497 0.5785256410256411 0.06858846918489066 0.1282051282051282
3 0.5417495029821073 0.6137820512820513 0.07455268389662027 0.12980769230769232
3 0.5869781312127237 0.6498397435897436 0.0775347912524851 0.1346153846153846
3 0.635685884691849 0.6955128205128205 0.06858846918489066 0.10256410256410256
3 0.6878727634194831 0.7323717948717948 0.06560636182902585 0.09935897435897435
3 0.7256461232604374 0.7395833333333334 0.09443339960238568 0.14423076923076922
3 0.768389662027833 0.7700320512820513 0.10437375745526839 0.15064102564102563
3 0.8305168986083499 0.8141025641025641 0.10834990059642147 0.15224358974358973
3 0.8832007952286283 0.8573717948717948 0.13021868787276342 0.17467948717948717
3 0.26888667992047716 0.6185897435897436 0.23658051689860835 0.23237179487179488
3 0.47664015904572565 0.7716346153846154 0.20974155069582506 0.21314102564102563
3 0.602882703777336 0.8060897435897436 0.055666003976143144 0.09775641025641026
3 0.6903578528827038 0.9078525641025641 0.2276341948310139 0.1842948717948718
3 0.8374751491053678 0.9511217948717948 0.09045725646123261 0.09775641025641026