3 0.06373517786561265 0.35668789808917195 0.08300395256916997 0.12579617834394904
3 0.12697628458498023 0.37420382165605093 0.07015810276679842 0.11624203821656051
3 0.18379446640316205 0.39888535031847133 0.0741106719367589 0.12420382165605096
3 0.2366600790513834 0.4426751592356688 0.05928853754940711 0.08121019108280254
3 0.2885375494071146 0.46656050955414013 0.06126482213438735 0.08439490445859872
3 0.34535573122529645 0.4681528662420382 0.07015810276679842 0.11942675159235669
3 0.3967391304347826 0.49522292993630573 0.06422924901185771 0.11942675159235669
3 0.4426877470355731 0.517515923566879 0.06324110671936758 0.12261146496815287
3 0.4950592885375494 0.5421974522292994 0.06818181818181818 0.12420382165605096
3 0.5419960474308301 0.5692675159235668 0.07213438735177866 0.12898089171974522
3 0.5938735177865613 0.6042993630573248 0.06521739130434782 0.09394904458598727
3 0.6477272727272727 0.6305732484076433 0.06225296442687747 0.09235668789808917
3 0.6857707509881423 0.6305732484076433 0.08893280632411067 0.1337579617834395
3 0.7302371541501976 0.6520700636942676 0.1007905138339921 0.13694267515923567
3 0.7949604743083004 0.6831210191082803 0.10375494071146245 0.14012738853503184
3 0.8502964426877471 0.7157643312101911 0.12549407114624506 0.15764331210191082
3 0.22628458498023715 0.6003184713375797 0.2381422924901186 0.1910828025477707
3 0.4426877470355731 0.7101910828025477 0.21047430830039526 0.17834394904458598
3 0.5696640316205533 0.7205414012738853 0.05138339920948617 0.09235668789808917
3 0.66600790513834 0.8264331210191083 0.22727272727272727 0.1926751592356688
3 0.8137351778656127 0.8351910828025477 0.08596837944664032 0.12420382165605096