2 0.12481698389458272 0.5712890625 0.12079062957540264 0.072265625
2 0.1848462664714495 0.57470703125 0.02342606149341142 0.0400390625
2 0.20827232796486092 0.56494140625 0.02635431918008785 0.0380859375
2 0.2225475841874085 0.5546875 0.02342606149341142 0.0361328125
2 0.24084919472913616 0.546875 0.021961932650073207 0.033203125
2 0.2569546120058565 0.541015625 0.020497803806734993 0.0302734375
2 0.2697657393850659 0.5341796875 0.01903367496339678 0.029296875
2 0.28257686676427524 0.5283203125 0.01903367496339678 0.03125
2 0.2595168374816984 0.57275390625 0.060029282576866766 0.0703125
3 0.7112005856515373 0.767578125 0.04319180087847731 0.0419921875
3 0.6669106881405563 0.75537109375 0.03953147877013177 0.0400390625
3 0.626281112737921 0.74169921875 0.04465592972181552 0.046875
3 0.5896778916544656 0.7333984375 0.034407027818448024 0.0419921875
3 0.7295021961932651 0.96923828125 0.20863836017569545 0.0615234375
3 0.626281112737921 0.93603515625 0.0527086383601757 0.08203125