2 0.15869565217391304 0.41392649903288203 0.11521739130434783 0.10831721470019343
2 0.21521739130434783 0.43907156673114117 0.02826086956521739 0.0425531914893617
2 0.2394927536231884 0.4381044487427466 0.029710144927536233 0.041586073500967116
2 0.2554347826086957 0.433752417794971 0.02681159420289855 0.03868471953578337
2 0.2742753623188406 0.4332688588007737 0.025362318840579712 0.035783365570599614
2 0.29094202898550725 0.4332688588007737 0.02318840579710145 0.03288201160541586
2 0.30434782608695654 0.43133462282398455 0.02246376811594203 0.031914893617021274
2 0.3177536231884058 0.43036750483558994 0.02246376811594203 0.03288201160541586
2 0.2865942028985507 0.46421663442940037 0.06521739130434782 0.08123791102514506
3 0.6764492753623188 0.8143133462282398 0.04492753623188406 0.05222437137330754
3 0.6369565217391304 0.7867504835589942 0.041304347826086954 0.048355899419729204
3 0.6010869565217392 0.7591876208897486 0.04710144927536232 0.05705996131528046
3 0.5677536231884058 0.7374274661508704 0.03768115942028986 0.048355899419729204
3 0.6445652173913043 0.9753384912959381 0.20217391304347826 0.04932301740812379
3 0.561231884057971 0.9439071566731141 0.06159420289855073 0.08800773694390715