2 0.1870286576168929 0.7671026156941649 0.1244343891402715 0.07142857142857142
2 0.2447209653092006 0.7354124748490946 0.023378582202111614 0.04124748490945674
2 0.26282051282051283 0.7127766599597586 0.026395173453996983 0.03822937625754527
2 0.2730015082956259 0.6951710261569416 0.023378582202111614 0.03621730382293763
2 0.2877073906485671 0.6770623742454729 0.02262443438914027 0.03319919517102616
2 0.3005279034690799 0.6619718309859155 0.020361990950226245 0.03118712273641851
2 0.3103318250377074 0.6483903420523138 0.0196078431372549 0.030181086519114688
2 0.32051282051282054 0.6353118712273642 0.01885369532428356 0.03219315895372234
2 0.31334841628959276 0.6901408450704225 0.06108597285067873 0.07142857142857142
3 0.7986425339366516 0.6096579476861167 0.043740573152337855 0.04225352112676056
3 0.753393665158371 0.6242454728370221 0.03996983408748114 0.04024144869215292
3 0.7111613876319759 0.6348088531187123 0.04600301659125189 0.047283702213279676
3 0.6742081447963801 0.6488933601609658 0.03469079939668175 0.043259557344064385
3 0.8936651583710408 0.8244466800804829 0.21266968325791855 0.1398390342052314
3 0.7745098039215687 0.8163983903420523 0.053544494720965306 0.08350100603621731