0 0.39325842696629215 0.0675 0.08426966292134831 0.12833333333333333
0 0.4461610486891386 0.11916666666666667 0.04119850187265917 0.07166666666666667
0 0.4798689138576779 0.18333333333333332 0.0552434456928839 0.09333333333333334
0 0.5299625468164794 0.31583333333333335 0.07303370786516854 0.12333333333333334
0 0.22144194756554308 0.5883333333333334 0.09644194756554307 0.16833333333333333
0 0.2860486891385768 0.5466666666666666 0.06179775280898876 0.12
0 0.34129213483146065 0.5158333333333334 0.0945692883895131 0.16666666666666666
0 0.6165730337078652 0.4066666666666667 0.03089887640449438 0.06166666666666667
0 0.5688202247191011 0.4475 0.04119850187265917 0.08166666666666667
0 0.5065543071161048 0.6475 0.07209737827715355 0.13666666666666666
0 0.49765917602996257 0.9075 0.16573033707865167 0.185
0 0.802434456928839 0.7991666666666667 0.04681647940074907 0.08666666666666667
0 0.7560861423220974 0.5133333333333333 0.035580524344569285 0.065
0 0.8014981273408239 0.4275 0.031835205992509365 0.056666666666666664