3 0.20604395604395603 0.29854368932038833 0.18956043956043955 0.27184466019417475
3 0.38873626373626374 0.4344660194174757 0.21703296703296704 0.2912621359223301
3 0.5837912087912088 0.5946601941747572 0.09340659340659341 0.16019417475728157
3 0.6346153846153846 0.6383495145631068 0.07692307692307693 0.13592233009708737
3 0.6813186813186813 0.6747572815533981 0.06868131868131869 0.12135922330097088
3 0.7266483516483516 0.7111650485436893 0.06318681318681318 0.11650485436893204
3 0.7637362637362637 0.7402912621359223 0.057692307692307696 0.11165048543689321
3 0.7967032967032966 0.7694174757281553 0.0521978021978022 0.0970873786407767
3 0.8214285714285714 0.7864077669902912 0.04395604395604396 0.0825242718446602
3 0.8585164835164835 0.8179611650485437 0.07967032967032966 0.1262135922330097
3 0.8997252747252747 0.8519417475728155 0.04945054945054945 0.09223300970873786