3 0.18631178707224336 0.9056748466257669 0.08745247148288973 0.13803680981595093
3 0.2338403041825095 0.8427914110429447 0.07604562737642585 0.12423312883435583
3 0.280893536121673 0.7921779141104295 0.08079847908745247 0.13190184049079753
3 0.3341254752851711 0.7576687116564417 0.060836501901140684 0.09202453987730061
3 0.3773764258555133 0.7124233128834356 0.06273764258555133 0.0950920245398773
3 0.4139733840304182 0.6464723926380368 0.07699619771863118 0.12576687116564417
3 0.45865019011406843 0.6035276073619632 0.07224334600760456 0.12269938650306748
3 0.4976235741444867 0.5636503067484663 0.07224334600760456 0.12576687116564417
3 0.5418250950570342 0.5184049079754601 0.07604562737642585 0.12883435582822086
3 0.5836501901140685 0.48006134969325154 0.07984790874524715 0.13496932515337423
3 0.6326045627376425 0.44171779141104295 0.06749049429657794 0.1058282208588957
3 0.6782319391634981 0.39493865030674846 0.0655893536121673 0.10276073619631902
3 0.7019961977186312 0.3504601226993865 0.094106463878327 0.147239263803681
3 0.7400190114068441 0.3121165644171779 0.10266159695817491 0.15644171779141106
3 0.7946768060836502 0.2561349693251534 0.10646387832699619 0.15950920245398773
3 0.844106463878327 0.2116564417177914 0.12642585551330798 0.18558282208588958
3 0.3982889733840304 0.8673312883435583 0.21673003802281368 0.26533742331288346
3 0.5846007604562737 0.6855828220858896 0.19391634980988592 0.24539877300613497
3 0.6692015209125475 0.5429447852760736 0.057034220532319393 0.09662576687116564
3 0.778041825095057 0.4976993865030675 0.20912547528517111 0.26533742331288346
3 0.8754752851711026 0.32975460122699385 0.08935361216730038 0.13803680981595093