3 0.20365168539325842 0.33 0.19382022471910113 0.27
3 0.39185393258426965 0.4575 0.2247191011235955 0.29
3 0.5941011235955056 0.61 0.09550561797752809 0.16
3 0.6474719101123596 0.65 0.07865168539325842 0.135
3 0.6952247191011236 0.685 0.0702247191011236 0.125
3 0.7429775280898876 0.72 0.06179775280898876 0.115
3 0.7808988764044944 0.75 0.05898876404494382 0.11
3 0.8160112359550562 0.775 0.05337078651685393 0.1
3 0.8412921348314607 0.7925 0.042134831460674156 0.085
3 0.8806179775280899 0.8225 0.08146067415730338 0.125
3 0.922752808988764 0.855 0.05056179775280899 0.09