3 0.1951923076923077 0.09520123839009288 0.08942307692307692 0.14396284829721362
3 0.24423076923076922 0.15789473684210525 0.0798076923076923 0.12848297213622292
3 0.28509615384615383 0.22213622291021673 0.08461538461538462 0.13622291021671826
3 0.3173076923076923 0.2995356037151703 0.06153846153846154 0.09907120743034056
3 0.3543269230769231 0.3591331269349845 0.06346153846153846 0.1021671826625387
3 0.40192307692307694 0.4040247678018576 0.0798076923076923 0.12848297213622292
3 0.43798076923076923 0.4651702786377709 0.07692307692307693 0.1238390092879257
3 0.4706730769230769 0.5193498452012384 0.07788461538461539 0.12538699690402477
3 0.5076923076923077 0.5804953560371517 0.08076923076923077 0.13003095975232198
3 0.5399038461538461 0.6393188854489165 0.08461538461538462 0.13622291021671826
3 0.5735576923076923 0.708204334365325 0.06826923076923076 0.10990712074303406
3 0.6120192307692308 0.771671826625387 0.06634615384615385 0.10681114551083591
3 0.6447115384615385 0.8003095975232198 0.09615384615384616 0.15479876160990713
3 0.6759615384615385 0.8521671826625387 0.10288461538461538 0.16563467492260062
3 0.7211538461538461 0.9210526315789473 0.10576923076923077 0.15789473684210525
3 0.7591346153846154 0.9489164086687306 0.12403846153846154 0.1021671826625387
3 0.2620192307692308 0.42569659442724456 0.19807692307692307 0.3188854489164087
3 0.41394230769230766 0.68343653250774 0.17884615384615385 0.28792569659442724
3 0.5192307692307693 0.7886996904024768 0.06057692307692308 0.09752321981424149
3 0.5697115384615384 0.8978328173374613 0.19326923076923078 0.2043343653250774