3 0.26445086705202314 0.9175257731958762 0.1936416184971098 0.16494845360824742
3 0.41329479768786126 0.7371134020618557 0.21965317919075145 0.34536082474226804
3 0.5809248554913294 0.4690721649484536 0.10115606936416185 0.17525773195876287
3 0.6257225433526011 0.39690721649484534 0.0838150289017341 0.14948453608247422
3 0.6647398843930635 0.3324742268041237 0.07514450867052024 0.13402061855670103
3 0.703757225433526 0.26804123711340205 0.06936416184971098 0.12371134020618557
3 0.7355491329479769 0.21649484536082475 0.06358381502890173 0.11855670103092783
3 0.7644508670520231 0.17010309278350516 0.057803468208092484 0.10824742268041238
3 0.7846820809248555 0.13659793814432988 0.046242774566473986 0.08762886597938144
3 0.8164739884393064 0.08505154639175258 0.0838150289017341 0.13917525773195877
3 0.8511560693641619 0.03865979381443299 0.05491329479768786 0.07731958762886598