0 0.03513238289205703 0.18115942028985507 0.04480651731160896 0.059782608695652176
0 0.023421588594704685 0.2536231884057971 0.029531568228105907 0.059782608695652176
0 0.11558044806517312 0.1956521739130435 0.09877800407331976 0.07065217391304347
0 0.2265784114052953 0.213768115942029 0.09266802443991853 0.06884057971014493
0 0.29124236252545826 0.20923913043478262 0.03665987780040733 0.05615942028985507
0 0.34317718940936864 0.23550724637681159 0.051934826883910386 0.06884057971014493
0 0.4317718940936864 0.3088768115942029 0.06924643584521385 0.09057971014492754
0 0.22963340122199594 0.8695652173913043 0.0845213849287169 0.1358695652173913
0 0.2769857433808554 0.7672101449275363 0.04073319755600815 0.1213768115942029
0 0.31873727087576376 0.6838768115942029 0.08044806517311609 0.13949275362318841
0 0.5407331975560081 0.3070652173913043 0.018329938900203666 0.06521739130434782
0 0.5091649694501018 0.39311594202898553 0.026476578411405296 0.08514492753623189
0 0.5142566191446029 0.6413043478260869 0.051934826883910386 0.1322463768115942
0 0.604887983706721 0.9121376811594203 0.1446028513238289 0.17572463768115942
0 0.8380855397148677 0.4882246376811594 0.034623217922606926 0.08152173913043478
0 0.7046843177189409 0.26721014492753625 0.028513238289205704 0.05615942028985507
0 0.719959266802444 0.14221014492753623 0.026476578411405296 0.04891304347826087