0 0.05945692883895131 0.7783333333333333 0.09363295880149813 0.155
0 0.05056179775280899 0.6508333333333334 0.09644194756554307 0.12166666666666667
0 0.08614232209737828 0.6941666666666667 0.035580524344569285 0.06666666666666667
0 0.1409176029962547 0.5675 0.09176029962546817 0.12
0 0.23127340823970038 0.4825 0.08707865168539326 0.11333333333333333
0 0.2804307116104869 0.42083333333333334 0.040262172284644196 0.06833333333333333
0 0.32771535580524347 0.395 0.054307116104868915 0.08833333333333333
0 0.41619850187265917 0.3725 0.07303370786516854 0.11666666666666667
0 0.41853932584269665 0.9525 0.09363295880149813 0.095
0 0.42602996254681647 0.8641666666666666 0.05711610486891386 0.12166666666666667
0 0.4349250936329588 0.7625 0.09176029962546817 0.16166666666666665
0 0.5 0.27416666666666667 0.028089887640449437 0.06333333333333334
0 0.5 0.36916666666666664 0.03838951310861423 0.08333333333333333
0 0.5735018726591761 0.5558333333333333 0.06741573033707865 0.13666666666666666
0 0.7270599250936329 0.7066666666666667 0.16198501872659177 0.27666666666666667
0 0.7799625468164794 0.14916666666666667 0.04400749063670412 0.08666666666666667
0 0.6151685393258427 0.0975 0.03464419475655431 0.06333333333333334
0 0.5912921348314607 0.0075 0.03089887640449438 0.015