0 0.3648148148148148 0.9087171052631579 0.027777777777777776 0.14638157894736842
0 0.3574074074074074 0.8042763157894737 0.025925925925925925 0.05592105263157895
0 0.36666666666666664 0.71875 0.03148148148148148 0.07894736842105263
0 0.39675925925925926 0.5707236842105263 0.041666666666666664 0.10526315789473684
0 0.6986111111111111 0.8511513157894737 0.06388888888888888 0.12664473684210525
0 0.6425925925925926 0.7837171052631579 0.05925925925925926 0.05756578947368421
0 0.5967592592592592 0.7228618421052632 0.06574074074074074 0.12006578947368421
0 0.3875 0.39555921052631576 0.032407407407407406 0.024671052631578948
0 0.4337962962962963 0.43914473684210525 0.041666666666666664 0.03618421052631579
0 0.5597222222222222 0.4120065789473684 0.06388888888888888 0.07401315789473684
0 0.7050925925925926 0.24342105263157895 0.10833333333333334 0.22039473684210525
0 0.3541666666666667 0.13486842105263158 0.026851851851851852 0.04276315789473684
0 0.28935185185185186 0.12006578947368421 0.023148148148148147 0.039473684210526314