3 0.20757180156657964 0.5763888888888888 0.16449086161879894 0.13425925925925927
3 0.39425587467362927 0.5416666666666666 0.19843342036553524 0.12037037037037036
3 0.597911227154047 0.5162037037037037 0.06788511749347259 0.10648148148148148
3 0.6514360313315927 0.5092592592592593 0.05483028720626632 0.09259259259259259
3 0.6997389033942559 0.5023148148148148 0.04699738903394256 0.08796296296296297
3 0.7467362924281984 0.49537037037037035 0.04177545691906005 0.08333333333333333
3 0.7859007832898173 0.49074074074074076 0.03655352480417755 0.08333333333333333
3 0.8211488250652742 0.4861111111111111 0.033942558746736295 0.07407407407407407
3 0.8459530026109661 0.48148148148148145 0.02610966057441253 0.06481481481481481
3 0.8851174934725848 0.47685185185185186 0.06266318537859007 0.07407407407407407
3 0.9281984334203656 0.4722222222222222 0.033942558746736295 0.06481481481481481