2 0.6107638888888889 0.9166666666666666 0.027083333333333334 0.14814814814814814
2 0.6003472222222223 0.8416666666666667 0.025694444444444443 0.022222222222222223
2 0.5885416666666666 0.8152777777777778 0.022916666666666665 0.026851851851851852
2 0.5784722222222223 0.799537037037037 0.022222222222222223 0.023148148148148147
2 0.5690972222222223 0.7787037037037037 0.02013888888888889 0.022222222222222223
2 0.5614583333333333 0.7601851851851852 0.01875 0.020370370370370372
2 0.5541666666666667 0.7458333333333333 0.018055555555555554 0.019444444444444445
2 0.5472222222222223 0.7314814814814815 0.019444444444444445 0.018518518518518517
2 0.5829861111111111 0.750462962962963 0.03958333333333333 0.06574074074074074
3 0.6215277777777778 0.15231481481481482 0.022222222222222223 0.049074074074074076
3 0.6225694444444444 0.20925925925925926 0.021527777777777778 0.044444444444444446
3 0.621875 0.262037037037037 0.025694444444444443 0.05
3 0.6239583333333333 0.30925925925925923 0.024305555555555556 0.037037037037037035
3 0.7847222222222222 0.10231481481481482 0.058333333333333334 0.20462962962962963
3 0.7565972222222223 0.22083333333333333 0.050694444444444445 0.05277777777777778