0 0.6351851851851852 0.0912828947368421 0.027777777777777776 0.14638157894736842
0 0.6425925925925926 0.19572368421052633 0.025925925925925925 0.05592105263157895
0 0.6333333333333333 0.28125 0.03148148148148148 0.07894736842105263
0 0.6032407407407407 0.4292763157894737 0.041666666666666664 0.10526315789473684
0 0.3013888888888889 0.14884868421052633 0.06388888888888888 0.12664473684210525
0 0.3574074074074074 0.21628289473684212 0.05925925925925926 0.05756578947368421
0 0.40324074074074073 0.27713815789473684 0.06574074074074074 0.12006578947368421
0 0.6125 0.6044407894736842 0.032407407407407406 0.024671052631578948
0 0.5662037037037037 0.5608552631578947 0.041666666666666664 0.03618421052631579
0 0.44027777777777777 0.5879934210526315 0.06388888888888888 0.07401315789473684
0 0.2949074074074074 0.756578947368421 0.10833333333333334 0.22039473684210525
0 0.6458333333333334 0.8651315789473685 0.026851851851851852 0.04276315789473684
0 0.7106481481481481 0.8799342105263158 0.023148148148148147 0.039473684210526314