2 0.3892361111111111 0.08333333333333333 0.027083333333333334 0.14814814814814814
2 0.3996527777777778 0.15833333333333333 0.025694444444444443 0.022222222222222223
2 0.4114583333333333 0.18472222222222223 0.022916666666666665 0.026851851851851852
2 0.4215277777777778 0.20046296296296295 0.022222222222222223 0.023148148148148147
2 0.4309027777777778 0.2212962962962963 0.02013888888888889 0.022222222222222223
2 0.43854166666666666 0.23981481481481481 0.01875 0.020370370370370372
2 0.44583333333333336 0.25416666666666665 0.018055555555555554 0.019444444444444445
2 0.4527777777777778 0.26851851851851855 0.019444444444444445 0.018518518518518517
2 0.4170138888888889 0.24953703703703703 0.03958333333333333 0.06574074074074074
3 0.3784722222222222 0.8476851851851852 0.022222222222222223 0.049074074074074076
3 0.37743055555555555 0.7907407407407407 0.021527777777777778 0.044444444444444446
3 0.378125 0.7379629629629629 0.025694444444444443 0.05
3 0.37604166666666666 0.6907407407407408 0.024305555555555556 0.037037037037037035
3 0.2152777777777778 0.8976851851851851 0.058333333333333334 0.20462962962962963
3 0.24340277777777777 0.7791666666666667 0.050694444444444445 0.05277777777777778