3 0.5333333333333333 0.9402985074626866 0.05925925925925926 0.08955223880597014
3 0.5444444444444444 0.8522388059701492 0.03518518518518519 0.07761194029850746
3 0.5444444444444444 0.7708955223880597 0.037037037037037035 0.0791044776119403
3 0.5305555555555556 0.6880597014925374 0.05740740740740741 0.08358208955223881
3 0.5324074074074074 0.6067164179104477 0.05925925925925926 0.07313432835820896
3 0.5328703703703703 0.5335820895522388 0.062037037037037036 0.07014925373134329
3 0.5333333333333333 0.45149253731343286 0.06111111111111111 0.0791044776119403
3 0.5361111111111111 0.3761194029850746 0.06296296296296296 0.08358208955223881
3 0.5425925925925926 0.2917910447761194 0.04259259259259259 0.08208955223880597
3 0.5430555555555555 0.20671641791044776 0.041666666666666664 0.0791044776119403
3 0.5333333333333333 0.15149253731343285 0.06111111111111111 0.11194029850746269
3 0.5337962962962963 0.08134328358208955 0.06018518518518518 0.12985074626865672
3 0.5347222222222222 0.023880597014925373 0.06018518518518518 0.04776119402985075
3 0.6351851851851852 0.8261194029850746 0.053703703703703705 0.34776119402985073
3 0.6407407407407407 0.4843283582089552 0.053703703703703705 0.30597014925373134
3 0.6134259259259259 0.29701492537313434 0.04537037037037037 0.05970149253731343
3 0.6481481481481481 0.14776119402985075 0.05740740740740741 0.2955223880597015