3 0.887962962962963 0.5656716417910448 0.06481481481481481 0.09253731343283582
3 0.8282407407407407 0.5552238805970149 0.05277777777777778 0.08955223880597014
3 0.7731481481481481 0.5537313432835821 0.05555555555555555 0.0955223880597015
3 0.7185185185185186 0.5716417910447761 0.04814814814814815 0.056716417910447764
3 0.6680555555555555 0.5716417910447761 0.049074074074074076 0.05970149253731343
3 0.6166666666666667 0.5492537313432836 0.05185185185185185 0.09253731343283582
3 0.5662037037037037 0.5522388059701493 0.04537037037037037 0.0955223880597015
3 0.5208333333333334 0.5529850746268656 0.04351851851851852 0.1
3 0.4699074074074074 0.5537313432835821 0.049074074074074076 0.09850746268656717
3 0.42314814814814816 0.5582089552238806 0.05185185185185185 0.10149253731343283
3 0.37083333333333335 0.5686567164179105 0.05092592592592592 0.06865671641791045
3 0.31805555555555554 0.5694029850746268 0.049074074074074076 0.06716417910447761
3 0.28379629629629627 0.5537313432835821 0.06944444444444445 0.09850746268656717
3 0.24027777777777778 0.5544776119402985 0.08055555555555556 0.09701492537313433
3 0.17731481481481481 0.5559701492537313 0.08425925925925926 0.09701492537313433
3 0.12222222222222222 0.5619402985074626 0.1037037037037037 0.10597014925373134
3 0.7027777777777777 0.7179104477611941 0.21666666666666667 0.08656716417910448
3 0.49027777777777776 0.7268656716417911 0.18981481481481483 0.08656716417910448
3 0.37407407407407406 0.6828358208955224 0.037037037037037035 0.07313432835820896
3 0.27037037037037037 0.7388059701492538 0.20555555555555555 0.09253731343283582
3 0.13564814814814816 0.6850746268656717 0.06759259259259259 0.08955223880597014