3 0.887962962962963 0.4343283582089552 0.06481481481481481 0.09253731343283582
3 0.8282407407407407 0.44477611940298506 0.05277777777777778 0.08955223880597014
3 0.7731481481481481 0.4462686567164179 0.05555555555555555 0.0955223880597015
3 0.7185185185185186 0.42835820895522386 0.04814814814814815 0.056716417910447764
3 0.6680555555555555 0.42835820895522386 0.049074074074074076 0.05970149253731343
3 0.6166666666666667 0.4507462686567164 0.05185185185185185 0.09253731343283582
3 0.5662037037037037 0.44776119402985076 0.04537037037037037 0.0955223880597015
3 0.5208333333333334 0.4470149253731343 0.04351851851851852 0.1
3 0.4699074074074074 0.4462686567164179 0.049074074074074076 0.09850746268656717
3 0.42314814814814816 0.4417910447761194 0.05185185185185185 0.10149253731343283
3 0.37083333333333335 0.43134328358208956 0.05092592592592592 0.06865671641791045
3 0.31805555555555554 0.4305970149253731 0.049074074074074076 0.06716417910447761
3 0.28379629629629627 0.4462686567164179 0.06944444444444445 0.09850746268656717
3 0.24027777777777778 0.4455223880597015 0.08055555555555556 0.09701492537313433
3 0.17731481481481481 0.44402985074626866 0.08425925925925926 0.09701492537313433
3 0.12222222222222222 0.4380597014925373 0.1037037037037037 0.10597014925373134
3 0.7027777777777777 0.282089552238806 0.21666666666666667 0.08656716417910448
3 0.49027777777777776 0.27313432835820894 0.18981481481481483 0.08656716417910448
3 0.37407407407407406 0.31716417910447764 0.037037037037037035 0.07313432835820896
3 0.27037037037037037 0.26119402985074625 0.20555555555555555 0.09253731343283582
3 0.13564814814814816 0.31492537313432833 0.06759259259259259 0.08955223880597014