0 0.04027777777777778 0.6241776315789473 0.0787037037037037 0.10361842105263158
0 0.06805555555555555 0.7425986842105263 0.09351851851851851 0.047697368421052634
0 0.08796296296296297 0.6751644736842105 0.024074074074074074 0.05098684210526316
0 0.16898148148148148 0.740953947368421 0.08796296296296297 0.05098684210526316
0 0.26990740740740743 0.7401315789473685 0.0824074074074074 0.049342105263157895
0 0.3287037037037037 0.7532894736842105 0.03148148148148148 0.046052631578947366
0 0.3768518518518518 0.7368421052631579 0.044444444444444446 0.05592105263157895
0 0.4601851851851852 0.6833881578947368 0.05925925925925926 0.07401315789473684
0 0.3023148148148148 0.14720394736842105 0.0712962962962963 0.11348684210526316
0 0.3402777777777778 0.24671052631578946 0.032407407407407406 0.10526315789473684
0 0.37453703703703706 0.328125 0.06759259259259259 0.11677631578947369
0 0.5587962962962963 0.6998355263157895 0.013888888888888888 0.05756578947368421
0 0.5342592592592592 0.6175986842105263 0.020370370370370372 0.07401315789473684
0 0.549537037037037 0.3939144736842105 0.041666666666666664 0.11348684210526316
0 0.6444444444444445 0.1356907894736842 0.12407407407407407 0.1924342105263158
0 0.8361111111111111 0.578125 0.027777777777777776 0.07072368421052631
0 0.7055555555555556 0.759046052631579 0.024074074074074074 0.047697368421052634
0 0.7138888888888889 0.8741776315789473 0.022222222222222223 0.04111842105263158