2 0.8125 0.3523148148148148 0.1111111111111111 0.03611111111111111
2 0.75625 0.3662037037037037 0.016666666666666666 0.03425925925925926
2 0.7364583333333333 0.3819444444444444 0.02013888888888889 0.030555555555555555
2 0.7246527777777778 0.39537037037037037 0.017361111111111112 0.02962962962962963
2 0.7090277777777778 0.4078703703703704 0.016666666666666666 0.026851851851851852
2 0.6951388888888889 0.41805555555555557 0.015277777777777777 0.025
2 0.684375 0.42777777777777776 0.014583333333333334 0.024074074074074074
2 0.6736111111111112 0.43703703703703706 0.013888888888888888 0.025925925925925925
2 0.6878472222222223 0.38935185185185184 0.049305555555555554 0.05277777777777778
3 0.23923611111111112 0.33796296296296297 0.03680555555555556 0.02962962962962963
3 0.28194444444444444 0.3365740740740741 0.03333333333333333 0.028703703703703703
3 0.3215277777777778 0.3375 0.0375 0.03425925925925926
3 0.35694444444444445 0.3347222222222222 0.027777777777777776 0.032407407407407406
3 0.18368055555555557 0.12037037037037036 0.18958333333333333 0.07777777777777778
3 0.290625 0.15787037037037038 0.03958333333333333 0.06759259259259259