2 0.1875 0.6476851851851851 0.1111111111111111 0.03611111111111111
2 0.24375 0.6337962962962963 0.016666666666666666 0.03425925925925926
2 0.2635416666666667 0.6180555555555556 0.02013888888888889 0.030555555555555555
2 0.27534722222222224 0.6046296296296296 0.017361111111111112 0.02962962962962963
2 0.29097222222222224 0.5921296296296297 0.016666666666666666 0.026851851851851852
2 0.30486111111111114 0.5819444444444445 0.015277777777777777 0.025
2 0.315625 0.5722222222222222 0.014583333333333334 0.024074074074074074
2 0.3263888888888889 0.562962962962963 0.013888888888888888 0.025925925925925925
2 0.3121527777777778 0.6106481481481482 0.049305555555555554 0.05277777777777778
3 0.7607638888888889 0.6620370370370371 0.03680555555555556 0.02962962962962963
3 0.7180555555555556 0.663425925925926 0.03333333333333333 0.028703703703703703
3 0.6784722222222223 0.6625 0.0375 0.03425925925925926
3 0.6430555555555556 0.6652777777777777 0.027777777777777776 0.032407407407407406
3 0.8163194444444445 0.8796296296296297 0.18958333333333333 0.07777777777777778
3 0.709375 0.8421296296296297 0.03958333333333333 0.06759259259259259